0	0	0
0.0625	0	0
0.125	0	0
0.1875	0	0
0.25	0	0
0.3125	0	0
0.375	0	0
0.4375	0	0
0.5	0	0
0.5625	0	0
0.625	0	0
0.6875	0	0
0.75	0	0
0.8125	0	0
0.875	0	0
0.9375	0	0
1	0	0

0	0.0625	0
0.0625	0.0625	0.000225322548254
0.125	0.0625	0.000530028037094
0.1875	0.0625	0.000900360929807
0.25	0.0625	0.00131462516907
0.3125	0.0625	0.00174604103673
0.375	0.0625	0.00216575455336
0.4375	0.0625	0.00254546898858
0.5	0.0625	0.00285926643429
0.5625	0.0625	0.00308421402859
0.625	0.0625	0.00319942533858
0.6875	0.0625	0.00318355587583
0.75	0.0625	0.00301130696273
0.8125	0.0625	0.00265020187591
0.875	0.0625	0.0020593216297
0.9375	0.0625	0.00119153784688
1	0.0625	0

0	0.125	0
0.0625	0.125	0.000823887516897
0.125	0.125	0.00188552786662
0.1875	0.125	0.00313007357102
0.25	0.125	0.00448214481042
0.3125	0.125	0.00585470966906
0.375	0.125	0.00715773466927
0.4375	0.125	0.008305276746
0.5	0.125	0.00921996022228
0.5625	0.125	0.00983398911362
0.625	0.125	0.0100862961354
0.6875	0.125	0.00991640308772
0.75	0.125	0.00925696207831
0.8125	0.125	0.00802820450299
0.875	0.125	0.00613792041302
0.9375	0.125	0.00348968742371
1	0.125	0

0	0.1875	0
0.0625	0.1875	0.00242817213028
0.125	0.1875	0.00540999119044
0.1875	0.1875	0.00877851689692
0.25	0.1875	0.0123272655846
0.3125	0.1875	0.0158315493495
0.375	0.1875	0.0190677915518
0.4375	0.1875	0.021828330111
0.5	0.1875	0.0239298933047
0.5625	0.1875	0.0252146784072
0.625	0.1875	0.0255442710086
0.6875	0.1875	0.0247886861961
0.75	0.1875	0.0228150738716
0.8125	0.1875	0.0194820533998
0.875	0.1875	0.0146452461579
0.9375	0.1875	0.00817708102763
1	0.1875	0

0	0.25	0
0.0625	0.25	0.00633154083935
0.125	0.25	0.0137775990521
0.1875	0.25	0.02190826887
0.25	0.25	0.0302305665221
0.3125	0.25	0.0382326789817
0.375	0.25	0.0454217005711
0.4375	0.25	0.0513509478206
0.5	0.25	0.0556344368418
0.5625	0.25	0.0579479405533
0.625	0.25	0.0580187394902
0.6875	0.25	0.0556095287751
0.75	0.25	0.050504795911
0.8125	0.25	0.0425088063174
0.875	0.25	0.0314621514524
0.9375	0.25	0.0172788806826
1	0.25	0

0	0.3125	0
0.0625	0.3125	0.0148994989195
0.125	0.3125	0.0317730883054
0.1875	0.3125	0.0496501177928
0.25	0.3125	0.0674771132238
0.3125	0.3125	0.0841996453912
0.375	0.3125	0.0988291373638
0.4375	0.3125	0.110489338541
0.5	0.3125	0.118440069992
0.5625	0.3125	0.122079356477
0.625	0.3125	0.12092950638
0.6875	0.3125	0.114617225713
0.75	0.3125	0.102860618583
0.8125	0.3125	0.085475136282
0.875	0.3125	0.0624055995651
0.9375	0.3125	0.0337834685132
1	0.3125	0

0	0.375	0
0.0625	0.375	0.0319873262958
0.125	0.375	0.0670539348842
0.1875	0.375	0.103234982141
0.25	0.375	0.138483332474
0.3125	0.375	0.17080778098
0.375	0.375	0.198382686769
0.4375	0.375	0.219622837856
0.5	0.375	0.233222174894
0.5625	0.375	0.238160600983
0.625	0.375	0.233689300051
0.6875	0.375	0.219310151436
0.75	0.375	0.194766583991
0.8125	0.375	0.160059852182
0.875	0.375	0.115496408455
0.9375	0.375	0.0617610266698
1	0.375	0

0	0.4375	0
0.0625	0.4375	0.063210353537
0.125	0.4375	0.130607201467
0.1875	0.4375	0.198564314032
0.25	0.4375	0.263418177401
0.3125	0.4375	0.321685076887
0.375	0.4375	0.370231043136
0.4375	0.4375	0.406388221846
0.5	0.4375	0.428018302414
0.5625	0.4375	0.433531391907
0.625	0.4375	0.421876272809
0.6875	0.4375	0.392523012555
0.75	0.4375	0.345458790626
0.8125	0.4375	0.281211339524
0.875	0.4375	0.200902736647
0.9375	0.4375	0.106322780283
1	0.4375	0

0	0.5	0
0.0625	0.5	0.115897751016
0.125	0.5	0.236600903491
0.1875	0.5	0.355923623711
0.25	0.5	0.467761351041
0.3125	0.5	0.566413313096
0.375	0.5	0.646835202325
0.4375	0.5	0.704815687078
0.5	0.5	0.73707977448
0.5625	0.5	0.74133163649
0.625	0.5	0.716257792628
0.6875	0.5	0.66151573655
0.75	0.5	0.577730728737
0.8125	0.5	0.466514066987
0.875	0.5	0.330501909215
0.9375	0.5	0.173398897342
1	0.5	0

0	0.5625	0
0.0625	0.5625	0.198631654534
0.125	0.5625	0.401473728392
0.1875	0.5625	0.598657322001
0.25	0.5625	0.780616811325
0.3125	0.5625	0.938549450746
0.375	0.5625	1.06477963257
0.4375	0.5625	1.15302114304
0.5	0.5625	1.19854203564
0.5625	0.5625	1.19824764401
0.625	0.5625	1.15070568665
0.6875	0.5625	1.05614047657
0.75	0.5625	0.916418915939
0.8125	0.5625	0.735039574271
0.875	0.5625	0.517120782802
0.9375	0.5625	0.269369069302
1	0.5625	0

0	0.625	0
0.0625	0.625	0.320421898131
0.125	0.625	0.642382198258
0.1875	0.625	0.951001773043
0.25	0.625	1.23205738436
0.3125	0.625	1.47261650821
0.375	0.625	1.66154968429
0.4375	0.625	1.7899117487
0.5	0.625	1.85119599114
0.5625	0.625	1.84147695584
0.625	0.625	1.75946591783
0.6875	0.625	1.6065053074
0.75	0.625	1.38652310217
0.8125	0.625	1.10595651114
0.875	0.625	0.773639673321
0.9375	0.625	0.400637357165
1	0.625	0

0	0.6875	0
0.0625	0.6875	0.489734042066
0.125	0.6875	0.975421268603
0.1875	0.6875	1.43566519396
0.25	0.6875	1.85023102993
0.3125	0.6875	2.20090150887
0.375	0.6875	2.47218189105
0.4375	0.6875	2.65184062385
0.5	0.6875	2.73128566094
0.5625	0.6875	2.70578859705
0.625	0.6875	2.57457717711
0.6875	0.6875	2.34081909815
0.75	0.6875	2.01151549706
0.8125	0.6875	1.59731258221
0.875	0.6875	1.11222806172
0.9375	0.6875	0.573279695053
1	0.6875	0

0	0.75	0
0.0625	0.75	0.713694410353
0.125	0.75	1.41421171968
0.1875	0.75	2.07196312005
0.25	0.75	2.65919846441
0.3125	0.75	3.15113707095
0.375	0.75	3.52691752983
0.4375	0.75	3.77034419651
0.5	0.75	3.87042207901
0.5625	0.75	3.82168448457
0.625	0.75	3.62432696718
0.6875	0.75	3.28416499691
0.75	0.75	2.81243093744
0.8125	0.75	2.2254198962
0.875	0.75	1.54398689985
0.9375	0.75	0.792893197111
1	0.75	0

0	0.8125	0
0.0625	0.8125	0.997783914041
0.125	0.8125	1.96941182671
0.1875	0.8125	2.87525131811
0.25	0.8125	3.67837116746
0.3125	0.8125	4.34600947076
0.375	0.8125	4.85082706749
0.4375	0.8125	5.17191079823
0.5	0.8125	5.2955055205
0.5625	0.8125	5.2154673767
0.625	0.8125	4.93344178159
0.6875	0.8125	4.45877660309
0.75	0.8125	3.80818381963
0.8125	0.8125	3.00516276709
0.875	0.8125	2.07919723363
0.9375	0.8125	1.06473962791
1	0.8125	0

0	0.875	0
0.0625	0.875	1.34620253944
0.125	0.875	2.64946863492
0.1875	0.875	3.85806244133
0.25	0.875	4.92400979556
0.3125	0.875	5.80497467323
0.375	0.875	6.46588126194
0.4375	0.875	6.88022866605
0.5	0.875	7.03106024757
0.5625	0.875	6.91156475976
0.625	0.875	6.52530037785
0.6875	0.875	5.88604441831
0.75	0.875	5.01728067485
0.8125	0.875	3.95134350951
0.875	0.875	2.7282443853
0.9375	0.875	1.39421375819
1	0.875	0

0	0.9375	0
0.0625	0.9375	1.76289421561
0.125	0.9375	3.46257778457
0.1875	0.9375	5.03288769806
0.25	0.9375	6.4126931224
0.3125	0.9375	7.54826117585
0.375	0.9375	8.39531960794
0.4375	0.9375	8.92074194758
0.5	0.9375	9.10379673484
0.5625	0.9375	8.93692003426
0.625	0.9375	8.42598851119
0.6875	0.9375	7.59008803863
0.75	0.9375	6.4607895373
0.8125	0.9375	5.08095939495
0.875	0.9375	3.50314650413
0.9375	0.9375	1.7876018856
1	0.9375	0

0	1	0
0.0625	1	2.25304728009
0.125	1	4.41951121673
0.1875	1	6.41613581579
0.25	1	8.16619191367
0.3125	1	9.60242583596
0.375	1	10.6696439185
0.4375	1	11.3268335688
0.5	1	11.5487393573
0.5625	1	11.3268335688
0.625	1	10.6696439185
0.6875	1	9.60242583596
0.75	1	8.16619191367
0.8125	1	6.41613581579
0.875	1	4.41951121673
0.9375	1	2.25304728009
1	1	1.41431266881e-15

