0	0	0
0.03125	0	0
0.0625	0	0
0.09375	0	0
0.125	0	0
0.15625	0	0
0.1875	0	0
0.21875	0	0
0.25	0	0
0.28125	0	0
0.3125	0	0
0.34375	0	0
0.375	0	0
0.40625	0	0
0.4375	0	0
0.46875	0	0
0.5	0	0
0.53125	0	0
0.5625	0	0
0.59375	0	0
0.625	0	0
0.65625	0	0
0.6875	0	0
0.71875	0	0
0.75	0	0
0.78125	0	0
0.8125	0	0
0.84375	0	0
0.875	0	0
0.90625	0	0
0.9375	0	0
0.96875	0	0
1	0	0

0	0.03125	0
0.03125	0.03125	1.66364721887e-05
0.0625	0.03125	3.31127260558e-05
0.09375	0.03125	4.92700862697e-05
0.125	0.03125	6.49529486191e-05
0.15625	0.03125	8.00102785664e-05
0.1875	0.03125	9.42970657931e-05
0.21875	0.03125	0.000107675720728
0.25	0.03125	0.000120017399611
0.28125	0.03125	0.000131203245327
0.3125	0.03125	0.000141125532068
0.34375	0.03125	0.000149688702788
0.375	0.03125	0.000156810289472
0.40625	0.03125	0.000162421707348
0.4375	0.03125	0.000166468915392
0.46875	0.03125	0.000168912936781
0.5	0.03125	0.000169730234251
0.53125	0.03125	0.000168912936781
0.5625	0.03125	0.000166468915392
0.59375	0.03125	0.000162421707348
0.625	0.03125	0.000156810289472
0.65625	0.03125	0.000149688702788
0.6875	0.03125	0.000141125532068
0.71875	0.03125	0.000131203245327
0.75	0.03125	0.000120017399611
0.78125	0.03125	0.000107675720728
0.8125	0.03125	9.42970657931e-05
0.84375	0.03125	8.00102785664e-05
0.875	0.03125	6.49529486191e-05
0.90625	0.03125	4.92700862697e-05
0.9375	0.03125	3.31127260558e-05
0.96875	0.03125	1.66364721887e-05
1	0.03125	1.20422645697e-17

0	0.0625	0
0.03125	0.0625	3.32839356016e-05
0.0625	0.0625	6.62473287086e-05
0.09375	0.0625	9.85727238256e-05
0.125	0.0625	0.000129948809727
0.15625	0.0625	0.000160073417553
0.1875	0.0625	0.000188656430863
0.21875	0.0625	0.000215422579614
0.25	0.0625	0.000240114091162
0.28125	0.0625	0.000262493172751
0.3125	0.0625	0.000282344301594
0.34375	0.0625	0.000299476300467
0.375	0.0625	0.000313724178857
0.40625	0.0625	0.000324950721905
0.4375	0.0625	0.000333047811864
0.46875	0.0625	0.000337937469334
0.5	0.0625	0.000339572604238
0.53125	0.0625	0.000337937469333
0.5625	0.0625	0.000333047811864
0.59375	0.0625	0.000324950721905
0.625	0.0625	0.000313724178857
0.65625	0.0625	0.000299476300467
0.6875	0.0625	0.000282344301594
0.71875	0.0625	0.000262493172751
0.75	0.0625	0.000240114091162
0.78125	0.0625	0.000215422579614
0.8125	0.0625	0.000188656430863
0.84375	0.0625	0.000160073417553
0.875	0.0625	0.000129948809727
0.90625	0.0625	9.85727238256e-05
0.9375	0.0625	6.62473287085e-05
0.96875	0.0625	3.32839356016e-05
1	0.0625	2.42006891777e-17

0	0.09375	0
0.03125	0.09375	4.99520478655e-05
0.0625	0.09375	9.94230302035e-05
0.09375	0.09375	0.00014793651441
0.125	0.09375	0.000195025289113
0.15625	0.09375	0.00024023586367
0.1875	0.09375	0.000283132835534
0.21875	0.09375	0.000323303083415
0.25	0.09375	0.000360359745868
0.28125	0.09375	0.000393945946975
0.3125	0.09375	0.00042373823326
0.34375	0.09375	0.00044944968872
0.375	0.09375	0.000470832697983
0.40625	0.09375	0.000487681330982
0.4375	0.09375	0.000499833326169
0.46875	0.09375	0.000507171653188
0.5	0.09375	0.00050962563994
0.53125	0.09375	0.000507171653188
0.5625	0.09375	0.000499833326169
0.59375	0.09375	0.000487681330982
0.625	0.09375	0.000470832697983
0.65625	0.09375	0.00044944968872
0.6875	0.09375	0.00042373823326
0.71875	0.09375	0.000393945946975
0.75	0.09375	0.000360359745868
0.78125	0.09375	0.000323303083415
0.8125	0.09375	0.000283132835534
0.84375	0.09375	0.00024023586367
0.875	0.09375	0.000195025289113
0.90625	0.09375	0.00014793651441
0.9375	0.09375	9.94230302034e-05
0.96875	0.09375	4.99520478654e-05
1	0.09375	3.65925543454e-17

0	0.125	0
0.03125	0.125	6.66477726839e-05
0.0625	0.125	0.000132653690883
0.09375	0.125	0.000197382081524
0.125	0.125	0.000260209574819
0.15625	0.125	0.000320531107664
0.1875	0.125	0.000377765750722
0.21875	0.125	0.000431362303093
0.25	0.125	0.000480804600678
0.28125	0.125	0.000525616487124
0.3125	0.125	0.000565366399468
0.34375	0.125	0.000599671524325
0.375	0.125	0.000628201484588
0.40625	0.125	0.000650681521145
0.4375	0.125	0.000666895138955
0.46875	0.125	0.000676686192014
0.5	0.125	0.00067996038713
0.53125	0.125	0.000676686192014
0.5625	0.125	0.000666895138955
0.59375	0.125	0.000650681521145
0.625	0.125	0.000628201484588
0.65625	0.125	0.000599671524325
0.6875	0.125	0.000565366399468
0.71875	0.125	0.000525616487124
0.75	0.125	0.000480804600678
0.78125	0.125	0.000431362303093
0.8125	0.125	0.000377765750722
0.84375	0.125	0.000320531107664
0.875	0.125	0.000260209574819
0.90625	0.125	0.000197382081524
0.9375	0.125	0.000132653690883
0.96875	0.125	6.66477726838e-05
1	0.125	4.93373923686e-17

0	0.15625	0
0.03125	0.15625	8.33739656636e-05
0.0625	0.15625	0.000165944994461
0.09375	0.15625	0.000246917882247
0.125	0.15625	0.000325512815848
0.15625	0.15625	0.000400972883089
0.1875	0.15625	0.000472571362272
0.21875	0.15625	0.000539618720902
0.25	0.15625	0.000601469256264
0.28125	0.15625	0.000657527313892
0.3125	0.15625	0.000707253024046
0.34375	0.15625	0.000750167500955
0.375	0.15625	0.000785857454747
0.40625	0.15625	0.000813979171655
0.4375	0.15625	0.000834261824175
0.46875	0.15625	0.000846510079273
0.5	0.15625	0.000850605979559
0.53125	0.15625	0.000846510079273
0.5625	0.15625	0.000834261824175
0.59375	0.15625	0.000813979171655
0.625	0.15625	0.000785857454747
0.65625	0.15625	0.000750167500955
0.6875	0.15625	0.000707253024046
0.71875	0.15625	0.000657527313892
0.75	0.15625	0.000601469256264
0.78125	0.15625	0.000539618720902
0.8125	0.15625	0.000472571362272
0.84375	0.15625	0.000400972883089
0.875	0.15625	0.000325512815848
0.90625	0.15625	0.000246917882247
0.9375	0.15625	0.000165944994461
0.96875	0.15625	8.33739656635e-05
1	0.15625	6.25581403298e-17

0	0.1875	0
0.03125	0.1875	0.000100127878386
0.0625	0.1875	0.000199291470568
0.09375	0.1875	0.000296535776944
0.125	0.1875	0.000390924281686
0.15625	0.1875	0.000481547971894
0.1875	0.1875	0.000567534091892
0.21875	0.1875	0.000648054548339
0.25	0.1875	0.000722333885223
0.28125	0.1875	0.000789656751924
0.3125	0.1875	0.000849374792434
0.34375	0.1875	0.000900912889378
0.375	0.1875	0.000943774702707
0.40625	0.1875	0.00097754744973
0.4375	0.1875	0.00100190588043
0.46875	0.1875	0.0010166154098
0.5	0.1875	0.00102153437704
0.53125	0.1875	0.0010166154098
0.5625	0.1875	0.00100190588043
0.59375	0.1875	0.00097754744973
0.625	0.1875	0.000943774702707
0.65625	0.1875	0.000900912889377
0.6875	0.1875	0.000849374792434
0.71875	0.1875	0.000789656751924
0.75	0.1875	0.000722333885223
0.78125	0.1875	0.000648054548339
0.8125	0.1875	0.000567534091892
0.84375	0.1875	0.000481547971894
0.875	0.1875	0.000390924281686
0.90625	0.1875	0.000296535776944
0.9375	0.1875	0.000199291470568
0.96875	0.1875	0.000100127878386
1	0.1875	7.63823259528e-17

0	0.21875	0
0.03125	0.21875	0.000116899551622
0.0625	0.21875	0.000232673296658
0.09375	0.21875	0.000346206270655
0.125	0.21875	0.00045640508901
0.15625	0.21875	0.000562208476862
0.1875	0.21875	0.000662597489747
0.21875	0.21875	0.000756605326593
0.25	0.21875	0.000843326640541
0.28125	0.21875	0.000921926257932
0.3125	0.21875	0.000991647221482
0.34375	0.21875	0.0010518180802
0.375	0.21875	0.00110185935582
0.40625	0.21875	0.00114128912351
0.4375	0.21875	0.00116972765305
0.46875	0.21875	0.00118690106585
0.5	0.21875	0.00119264397256
0.53125	0.21875	0.00118690106585
0.5625	0.21875	0.00116972765305
0.59375	0.21875	0.00114128912351
0.625	0.21875	0.00110185935582
0.65625	0.21875	0.0010518180802
0.6875	0.21875	0.000991647221482
0.71875	0.21875	0.000921926257932
0.75	0.21875	0.000843326640541
0.78125	0.21875	0.000756605326593
0.8125	0.21875	0.000662597489747
0.84375	0.21875	0.000562208476862
0.875	0.21875	0.00045640508901
0.90625	0.21875	0.000346206270655
0.9375	0.21875	0.000232673296658
0.96875	0.21875	0.000116899551622
1	0.21875	9.09432977387e-17

0	0.25	0
0.03125	0.25	0.00013367006697
0.0625	0.25	0.000266052818124
0.09375	0.25	0.000395873335201
0.125	0.25	0.000521881375653
0.15625	0.25	0.000642863413167
0.1875	0.25	0.000757654324589
0.21875	0.25	0.000865148610688
0.25	0.25	0.000964311042728
0.28125	0.25	0.00105418663228
0.3125	0.25	0.00113390982829
0.34375	0.25	0.00120271285279
0.375	0.25	0.00125993309505
0.40625	0.25	0.00130501949286
0.4375	0.25	0.00133753783955
0.46875	0.25	0.00135717496567
0.5	0.25	0.00136374175497
0.53125	0.25	0.00135717496567
0.5625	0.25	0.00133753783955
0.59375	0.25	0.00130501949286
0.625	0.25	0.00125993309505
0.65625	0.25	0.00120271285279
0.6875	0.25	0.00113390982829
0.71875	0.25	0.00105418663228
0.75	0.25	0.000964311042728
0.78125	0.25	0.000865148610688
0.8125	0.25	0.000757654324589
0.84375	0.25	0.000642863413167
0.875	0.25	0.000521881375652
0.90625	0.25	0.000395873335201
0.9375	0.25	0.000266052818124
0.96875	0.25	0.00013367006697
1	0.25	1.0638151125e-16

0	0.28125	0
0.03125	0.28125	0.000150409624147
0.0625	0.28125	0.000299370721392
0.09375	0.28125	0.000445448714937
0.125	0.28125	0.000587236793849
0.15625	0.28125	0.000723369461421
0.1875	0.28125	0.000852535685646
0.21875	0.28125	0.000973491525174
0.25	0.28125	0.00108507210915
0.28125	0.28125	0.00118620285555
0.3125	0.28125	0.00127590982002
0.34375	0.28125	0.00135332907543
0.375	0.28125	0.00141771503204
0.40625	0.28125	0.00146844761788
0.4375	0.28125	0.00150503825044
0.46875	0.28125	0.0015271345419
0.5	0.28125	0.00153452369291
0.53125	0.28125	0.0015271345419
0.5625	0.28125	0.00150503825044
0.59375	0.28125	0.00146844761788
0.625	0.28125	0.00141771503204
0.65625	0.28125	0.00135332907543
0.6875	0.28125	0.00127590982002
0.71875	0.28125	0.00118620285555
0.75	0.28125	0.00108507210915
0.78125	0.28125	0.000973491525174
0.8125	0.28125	0.000852535685646
0.84375	0.28125	0.000723369461421
0.875	0.28125	0.000587236793849
0.90625	0.28125	0.000445448714937
0.9375	0.28125	0.000299370721391
0.96875	0.28125	0.000150409624147
1	0.28125	1.22845883947e-16

0	0.3125	0
0.03125	0.3125	0.000167075408615
0.0625	0.3125	0.000332541789711
0.09375	0.3125	0.000494805611588
0.125	0.3125	0.000652304184936
0.15625	0.3125	0.000803520712397
0.1875	0.3125	0.000946998896149
0.21875	0.3125	0.00108135696285
0.25	0.3125	0.00120530097087
0.28125	0.3125	0.00131763727165
0.3125	0.3125	0.00141728400521
0.34375	0.3125	0.00150328151904
0.375	0.3125	0.00157480161006
0.40625	0.3125	0.00163115550071
0.4375	0.3125	0.0016718004722
0.46875	0.3125	0.00169634509124
0.5	0.3125	0.00170455297974
0.53125	0.3125	0.00169634509124
0.5625	0.3125	0.0016718004722
0.59375	0.3125	0.00163115550071
0.625	0.3125	0.00157480161006
0.65625	0.3125	0.00150328151904
0.6875	0.3125	0.00141728400521
0.71875	0.3125	0.00131763727165
0.75	0.3125	0.00120530097087
0.78125	0.3125	0.00108135696285
0.8125	0.3125	0.00094699889615
0.84375	0.3125	0.000803520712397
0.875	0.3125	0.000652304184936
0.90625	0.3125	0.000494805611588
0.9375	0.3125	0.000332541789711
0.96875	0.3125	0.000167075408614
1	0.3125	1.40495231655e-16

0	0.34375	0
0.03125	0.34375	0.000183609211216
0.0625	0.34375	0.000365450165357
0.09375	0.34375	0.00054377163463
0.125	0.34375	0.000716856285806
0.15625	0.34375	0.000883037219076
0.1875	0.34375	0.00104071402121
0.21875	0.34375	0.00118836817841
0.25	0.34375	0.00132457770042
0.28125	0.34375	0.00144803081508
0.3125	0.34375	0.00155753860143
0.34375	0.34375	0.0016520464396
0.375	0.34375	0.00173064416746
0.40625	0.34375	0.00179257484593
0.4375	0.34375	0.0018372420487
0.46875	0.34375	0.00186421560621
0.5	0.34375	0.00187323574834
0.53125	0.34375	0.00186421560621
0.5625	0.34375	0.0018372420487
0.59375	0.34375	0.00179257484593
0.625	0.34375	0.00173064416746
0.65625	0.34375	0.0016520464396
0.6875	0.34375	0.00155753860143
0.71875	0.34375	0.00144803081508
0.75	0.34375	0.00132457770042
0.78125	0.34375	0.00118836817841
0.8125	0.34375	0.00104071402121
0.84375	0.34375	0.000883037219075
0.875	0.34375	0.000716856285806
0.90625	0.34375	0.00054377163463
0.9375	0.34375	0.000365450165356
0.96875	0.34375	0.000183609211216
1	0.34375	1.594998005e-16

0	0.375	0
0.03125	0.375	0.00019993475791
0.0625	0.375	0.000397944034805
0.09375	0.375	0.000592120893107
0.125	0.375	0.000780595303522
0.15625	0.375	0.000961552154448
0.1875	0.375	0.00113324873249
0.21875	0.375	0.00129403150574
0.25	0.375	0.0014423520482
0.28125	0.375	0.00157678195196
0.3125	0.375	0.00169602658357
0.34375	0.375	0.00179893755204
0.375	0.375	0.00188452376849
0.40625	0.375	0.00195196099086
0.4375	0.375	0.00200059976183
0.46875	0.375	0.00202997166346
0.5	0.375	0.00203979382828
0.53125	0.375	0.00202997166346
0.5625	0.375	0.00200059976183
0.59375	0.375	0.00195196099086
0.625	0.375	0.00188452376849
0.65625	0.375	0.00179893755204
0.6875	0.375	0.00169602658357
0.71875	0.375	0.00157678195196
0.75	0.375	0.0014423520482
0.78125	0.375	0.00129403150574
0.8125	0.375	0.00113324873249
0.84375	0.375	0.000961552154447
0.875	0.375	0.000780595303522
0.90625	0.375	0.000592120893107
0.9375	0.375	0.000397944034805
0.96875	0.375	0.000199934757909
1	0.375	1.80042909111e-16

0	0.40625	0
0.03125	0.40625	0.000215954703534
0.0625	0.40625	0.000429829645219
0.09375	0.40625	0.000639565092453
0.125	0.40625	0.000843141178224
0.15625	0.40625	0.00103859735354
0.1875	0.40625	0.00122405126859
0.21875	0.40625	0.00139771690078
0.25	0.40625	0.00155792175516
0.28125	0.40625	0.00170312297138
0.3125	0.40625	0.00183192218237
0.34375	0.40625	0.00194307898131
0.375	0.40625	0.00203552286746
0.40625	0.40625	0.00210836355567
0.4375	0.40625	0.0021608995503
0.46875	0.40625	0.00219262490098
0.5	0.40625	0.00220323407526
0.53125	0.40625	0.00219262490098
0.5625	0.40625	0.0021608995503
0.59375	0.40625	0.00210836355567
0.625	0.40625	0.00203552286746
0.65625	0.40625	0.00194307898131
0.6875	0.40625	0.00183192218237
0.71875	0.40625	0.00170312297138
0.75	0.40625	0.00155792175516
0.78125	0.40625	0.00139771690078
0.8125	0.40625	0.00122405126859
0.84375	0.40625	0.00103859735354
0.875	0.40625	0.000843141178224
0.90625	0.40625	0.000639565092453
0.9375	0.40625	0.000429829645219
0.96875	0.40625	0.000215954703533
1	0.40625	2.02322716921e-16

0	0.4375	0
0.03125	0.4375	0.000231547238737
0.0625	0.4375	0.000460864550988
0.09375	0.4375	0.000685743485679
0.125	0.4375	0.000904018335737
0.15625	0.4375	0.00111358699504
0.1875	0.4375	0.00131243120282
0.21875	0.4375	0.00149863598068
0.25	0.4375	0.0016704080748
0.28125	0.4375	0.00182609322603
0.3125	0.4375	0.00196419210125
0.34375	0.4375	0.00208337473279
0.375	0.4375	0.00218249332677
0.40625	0.4375	0.00226059331694
0.4375	0.4375	0.0023169225577
0.46875	0.4375	0.00235093856767
0.5	0.4375	0.00236231375409
0.53125	0.4375	0.00235093856767
0.5625	0.4375	0.0023169225577
0.59375	0.4375	0.00226059331694
0.625	0.4375	0.00218249332677
0.65625	0.4375	0.00208337473279
0.6875	0.4375	0.00196419210125
0.71875	0.4375	0.00182609322603
0.75	0.4375	0.0016704080748
0.78125	0.4375	0.00149863598068
0.8125	0.4375	0.00131243120282
0.84375	0.4375	0.00111358699504
0.875	0.4375	0.000904018335737
0.90625	0.4375	0.000685743485679
0.9375	0.4375	0.000460864550987
0.96875	0.4375	0.000231547238736
1	0.4375	2.26554135608e-16

0	0.46875	0
0.03125	0.46875	0.000246562253715
0.0625	0.46875	0.000490749978142
0.09375	0.46875	0.000730211512008
0.125	0.46875	0.000962640709839
0.15625	0.46875	0.0011857991514
0.1875	0.46875	0.00139753769891
0.21875	0.46875	0.00159581719441
0.25	0.46875	0.00177872809797
0.28125	0.46875	0.00194450887758
0.3125	0.46875	0.00209156297374
0.34375	0.46875	0.00221847417509
0.375	0.46875	0.00232402025739
0.40625	0.46875	0.00240718475417
0.4375	0.46875	0.00246716674587
0.46875	0.46875	0.00250338857312
0.5	0.46875	0.00251550139992
0.53125	0.46875	0.00250338857312
0.5625	0.46875	0.00246716674587
0.59375	0.46875	0.00240718475417
0.625	0.46875	0.00232402025739
0.65625	0.46875	0.00221847417508
0.6875	0.46875	0.00209156297373
0.71875	0.46875	0.00194450887758
0.75	0.46875	0.00177872809797
0.78125	0.46875	0.00159581719441
0.8125	0.46875	0.00139753769891
0.84375	0.46875	0.0011857991514
0.875	0.46875	0.000962640709839
0.90625	0.46875	0.000730211512008
0.9375	0.46875	0.000490749978141
0.96875	0.46875	0.000246562253714
1	0.46875	2.52970902152e-16

0	0.5	0
0.03125	0.5	0.000260816996114
0.0625	0.5	0.000519122181979
0.09375	0.5	0.00077242793745
0.125	0.5	0.00101829478963
0.15625	0.5	0.00125435490633
0.1875	0.5	0.00147833489959
0.21875	0.5	0.00168807771961
0.25	0.5	0.00188156342841
0.28125	0.5	0.00205692865282
0.3125	0.5	0.00221248452987
0.34375	0.5	0.00234673297143
0.375	0.5	0.00245838109162
0.40625	0.5	0.00254635365801
0.4375	0.5	0.0026098034467
0.46875	0.5	0.00264811940153
0.5	0.5	0.00266093251892
0.53125	0.5	0.00264811940153
0.5625	0.5	0.0026098034467
0.59375	0.5	0.00254635365801
0.625	0.5	0.00245838109162
0.65625	0.5	0.00234673297143
0.6875	0.5	0.00221248452987
0.71875	0.5	0.00205692865282
0.75	0.5	0.00188156342841
0.78125	0.5	0.00168807771961
0.8125	0.5	0.00147833489958
0.84375	0.5	0.00125435490633
0.875	0.5	0.00101829478963
0.90625	0.5	0.00077242793745
0.9375	0.5	0.000519122181978
0.96875	0.5	0.000260816996114
1	0.5	2.81827833459e-16

0	0.53125	0
0.03125	0.53125	0.00027409115335
0.0625	0.53125	0.00054554265906
0.09375	0.53125	0.000811740290739
0.125	0.53125	0.00107012041968
0.15625	0.53125	0.00131819470398
0.1875	0.53125	0.00155357405269
0.21875	0.53125	0.00177399163401
0.25	0.53125	0.00197732470612
0.28125	0.53125	0.0021616150604
0.3125	0.53125	0.00232508787999
0.34375	0.53125	0.00246616883227
0.375	0.53125	0.00258349923055
0.40625	0.53125	0.00267594911896
0.4375	0.53125	0.00274262815453
0.46875	0.53125	0.0027828941817
0.5	0.53125	0.00279635941661
0.53125	0.53125	0.0027828941817
0.5625	0.53125	0.00274262815453
0.59375	0.53125	0.00267594911896
0.625	0.53125	0.00258349923055
0.65625	0.53125	0.00246616883227
0.6875	0.53125	0.00232508787999
0.71875	0.53125	0.0021616150604
0.75	0.53125	0.00197732470612
0.78125	0.53125	0.00177399163401
0.8125	0.53125	0.00155357405269
0.84375	0.53125	0.00131819470398
0.875	0.53125	0.00107012041968
0.90625	0.53125	0.000811740290739
0.9375	0.53125	0.000545542659059
0.96875	0.53125	0.000274091153349
1	0.53125	3.13403284338e-16

0	0.5625	0
0.03125	0.5625	0.000286121281517
0.0625	0.5625	0.000569487058684
0.09375	0.5625	0.000847368364162
0.125	0.5625	0.00111708904907
0.15625	0.5625	0.00137605155578
0.1875	0.5625	0.00162176193378
0.21875	0.5625	0.00185185385781
0.25	0.5625	0.00206411141686
0.28125	0.5625	0.00225649045462
0.3125	0.5625	0.00242713825577
0.34375	0.5625	0.0025744113887
0.375	0.5625	0.00269689153265
0.40625	0.5625	0.00279339913687
0.4375	0.5625	0.00286300478037
0.46875	0.5625	0.00290503812277
0.5	0.5625	0.00291909435998
0.53125	0.5625	0.00290503812277
0.5625	0.5625	0.00286300478038
0.59375	0.5625	0.00279339913687
0.625	0.5625	0.00269689153265
0.65625	0.5625	0.0025744113887
0.6875	0.5625	0.00242713825576
0.71875	0.5625	0.00225649045461
0.75	0.5625	0.00206411141686
0.78125	0.5625	0.00185185385781
0.8125	0.5625	0.00162176193378
0.84375	0.5625	0.00137605155578
0.875	0.5625	0.00111708904907
0.90625	0.5625	0.000847368364161
0.9375	0.5625	0.000569487058683
0.96875	0.5625	0.000286121281517
1	0.5625	3.48001832515e-16

0	0.59375	0
0.03125	0.59375	0.000296594493971
0.0625	0.59375	0.00059033262083
0.09375	0.59375	0.000878385521842
0.125	0.59375	0.0011579790901
0.15625	0.59375	0.00142642068671
0.1875	0.59375	0.00168112507235
0.21875	0.59375	0.00191963930454
0.25	0.59375	0.00213966636085
0.28125	0.59375	0.00233908726044
0.3125	0.59375	0.00251598147104
0.34375	0.59375	0.00266864540469
0.375	0.59375	0.00279560882427
0.40625	0.59375	0.00289564900264
0.4375	0.59375	0.00296780249819
0.46875	0.59375	0.00301137443331
0.5	0.59375	0.00302594518646
0.53125	0.59375	0.00301137443331
0.5625	0.59375	0.00296780249819
0.59375	0.59375	0.00289564900264
0.625	0.59375	0.00279560882427
0.65625	0.59375	0.00266864540469
0.6875	0.59375	0.00251598147103
0.71875	0.59375	0.00233908726044
0.75	0.59375	0.00213966636084
0.78125	0.59375	0.00191963930454
0.8125	0.59375	0.00168112507235
0.84375	0.59375	0.00142642068671
0.875	0.59375	0.0011579790901
0.90625	0.59375	0.000878385521841
0.9375	0.59375	0.000590332620829
0.96875	0.59375	0.00029659449397
1	0.59375	3.85957216606e-16

0	0.625	0
0.03125	0.625	0.000305141312386
0.0625	0.625	0.000607343947127
0.09375	0.625	0.000903697527648
0.125	0.625	0.00119134800697
0.15625	0.625	0.00146752515372
0.1875	0.625	0.00172956923102
0.21875	0.625	0.00197495661114
0.25	0.625	0.00220132407947
0.28125	0.625	0.00240649159355
0.3125	0.625	0.00258848327807
0.34375	0.625	0.00274554645361
0.375	0.625	0.00287616851593
0.40625	0.625	0.00297909150316
0.4375	0.625	0.00305332421069
0.46875	0.625	0.00309815173695
0.5	0.625	0.00311314236837
0.53125	0.625	0.00309815173695
0.5625	0.625	0.00305332421069
0.59375	0.625	0.00297909150317
0.625	0.625	0.00287616851593
0.65625	0.625	0.0027455464536
0.6875	0.625	0.00258848327806
0.71875	0.625	0.00240649159355
0.75	0.625	0.00220132407947
0.78125	0.625	0.00197495661114
0.8125	0.625	0.00172956923102
0.84375	0.625	0.00146752515372
0.875	0.625	0.00119134800697
0.90625	0.625	0.000903697527648
0.9375	0.625	0.000607343947125
0.96875	0.625	0.000305141312385
1	0.625	4.2763555536e-16

0	0.65625	0
0.03125	0.65625	0.000311327571555
0.0625	0.65625	0.000619656888407
0.09375	0.65625	0.000922018570685
0.125	0.65625	0.0012155007101
0.15625	0.65625	0.00149727691322
0.1875	0.65625	0.00176463352117
0.21875	0.65625	0.00201499574366
0.25	0.65625	0.00224595245563
0.28125	0.65625	0.00245527941769
0.3125	0.65625	0.00264096069677
0.34375	0.65625	0.00280120808064
0.375	0.65625	0.0029344782994
0.40625	0.65625	0.00303948788798
0.4375	0.65625	0.00311522554666
0.46875	0.65625	0.00316096188036
0.5	0.65625	0.0031762564232
0.53125	0.65625	0.00316096188036
0.5625	0.65625	0.00311522554666
0.59375	0.65625	0.00303948788798
0.625	0.65625	0.0029344782994
0.65625	0.65625	0.00280120808064
0.6875	0.65625	0.00264096069677
0.71875	0.65625	0.00245527941769
0.75	0.65625	0.00224595245563
0.78125	0.65625	0.00201499574366
0.8125	0.65625	0.00176463352116
0.84375	0.65625	0.00149727691322
0.875	0.65625	0.0012155007101
0.90625	0.65625	0.000922018570685
0.9375	0.65625	0.000619656888406
0.96875	0.65625	0.000311327571554
1	0.65625	4.73438879261e-16

0	0.6875	0
0.03125	0.6875	0.0003146452562
0.0625	0.6875	0.000626260306581
0.09375	0.6875	0.00093184412786
0.125	0.6875	0.00122845378079
0.15625	0.6875	0.00151323275227
0.1875	0.6875	0.00178343846513
0.21875	0.6875	0.00203646869064
0.25	0.6875	0.00226988660942
0.28125	0.6875	0.0024814442793
0.3125	0.6875	0.00266910428427
0.34375	0.6875	0.00283105935591
0.375	0.6875	0.00296574977833
0.40625	0.6875	0.00307187840915
0.4375	0.6875	0.00314842317162
0.46875	0.6875	0.00319464689785
0.5	0.6875	0.00321010442809
0.53125	0.6875	0.00319464689785
0.5625	0.6875	0.00314842317162
0.59375	0.6875	0.00307187840915
0.625	0.6875	0.00296574977833
0.65625	0.6875	0.00283105935591
0.6875	0.6875	0.00266910428427
0.71875	0.6875	0.00248144427929
0.75	0.6875	0.00226988660942
0.78125	0.6875	0.00203646869064
0.8125	0.6875	0.00178343846513
0.84375	0.6875	0.00151323275227
0.875	0.6875	0.00122845378079
0.90625	0.6875	0.00093184412786
0.9375	0.6875	0.000626260306579
0.96875	0.6875	0.000314645256199
1	0.6875	5.23809008516e-16

0	0.71875	0
0.03125	0.71875	0.000314502133495
0.0625	0.71875	0.000625975439519
0.09375	0.71875	0.000931420259868
0.125	0.71875	0.00122789499395
0.15625	0.71875	0.001512544428
0.1875	0.71875	0.00178262723237
0.21875	0.71875	0.00203554236201
0.25	0.71875	0.00226885410597
0.28125	0.71875	0.0024803155446
0.3125	0.71875	0.00266789018865
0.34375	0.71875	0.00282977159178
0.375	0.71875	0.00296440074756
0.40625	0.71875	0.00307048110364
0.4375	0.71875	0.00314699104819
0.46875	0.71875	0.00319319374864
0.5	0.71875	0.0032086442477
0.53125	0.71875	0.00319319374863
0.5625	0.71875	0.00314699104819
0.59375	0.71875	0.00307048110364
0.625	0.71875	0.00296440074756
0.65625	0.71875	0.00282977159177
0.6875	0.71875	0.00266789018865
0.71875	0.71875	0.00248031554459
0.75	0.71875	0.00226885410596
0.78125	0.71875	0.00203554236201
0.8125	0.71875	0.00178262723237
0.84375	0.71875	0.001512544428
0.875	0.71875	0.00122789499395
0.90625	0.71875	0.000931420259868
0.9375	0.71875	0.000625975439518
0.96875	0.71875	0.000314502133493
1	0.71875	5.79231814875e-16

0	0.75	0
0.03125	0.75	0.000310210028641
0.0625	0.75	0.000617432565129
0.09375	0.75	0.000918708888491
0.125	0.75	0.00121113754304
0.15625	0.75	0.00149190228097
0.1875	0.75	0.00175829918438
0.21875	0.75	0.00200776270547
0.25	0.75	0.00223789037414
0.28125	0.75	0.00244646593515
0.3125	0.75	0.00263148069184
0.34375	0.75	0.00279115285095
0.375	0.75	0.0029239446823
0.40625	0.75	0.00302857732798
0.4375	0.75	0.00310404311839
0.46875	0.75	0.00314961527674
0.5	0.75	0.00316485491821
0.53125	0.75	0.00314961527674
0.5625	0.75	0.00310404311839
0.59375	0.75	0.00302857732798
0.625	0.75	0.0029239446823
0.65625	0.75	0.00279115285095
0.6875	0.75	0.00263148069184
0.71875	0.75	0.00244646593515
0.75	0.75	0.00223789037414
0.78125	0.75	0.00200776270547
0.8125	0.75	0.00175829918438
0.84375	0.75	0.00149190228097
0.875	0.75	0.00121113754304
0.90625	0.75	0.00091870888849
0.9375	0.75	0.000617432565126
0.96875	0.75	0.00031021002864
1	0.75	6.40241908359e-16

0	0.78125	0
0.03125	0.78125	0.000300971572514
0.0625	0.78125	0.000599044624258
0.09375	0.78125	0.000891348548798
0.125	0.78125	0.00117506829955
0.15625	0.78125	0.00144747150023
0.1875	0.78125	0.00170593475908
0.21875	0.78125	0.00194796893365
0.25	0.78125	0.00217124310252
0.28125	0.78125	0.00237360701339
0.3125	0.78125	0.00255311179117
0.34375	0.78125	0.00270802870674
0.375	0.78125	0.00283686582549
0.40625	0.78125	0.00293838237556
0.4375	0.78125	0.00301160069707
0.46875	0.78125	0.00305581565756
0.5	0.78125	0.00307060144279
0.53125	0.78125	0.00305581565756
0.5625	0.78125	0.00301160069707
0.59375	0.78125	0.00293838237556
0.625	0.78125	0.00283686582549
0.65625	0.78125	0.00270802870673
0.6875	0.78125	0.00255311179117
0.71875	0.78125	0.00237360701339
0.75	0.78125	0.00217124310252
0.78125	0.78125	0.00194796893365
0.8125	0.78125	0.00170593475908
0.84375	0.78125	0.00144747150022
0.875	0.78125	0.00117506829955
0.90625	0.78125	0.000891348548798
0.9375	0.78125	0.000599044624255
0.96875	0.78125	0.000300971572513
1	0.78125	7.07427794123e-16

0	0.8125	0
0.03125	0.8125	0.000285865229834
0.0625	0.8125	0.000568977421235
0.09375	0.8125	0.000846610049035
0.125	0.8125	0.00111608935926
0.15625	0.8125	0.00137482011884
0.1875	0.8125	0.00162031060912
0.21875	0.8125	0.00185019662248
0.25	0.8125	0.00206226423095
0.28125	0.8125	0.00225447110752
0.3125	0.8125	0.00242496619491
0.34375	0.8125	0.00257210753222
0.375	0.8125	0.00269447806794
0.40625	0.8125	0.00279089930691
0.4375	0.8125	0.0028604426599
0.46875	0.8125	0.0029024383864
0.5	0.8125	0.0029164820446
0.53125	0.8125	0.0029024383864
0.5625	0.8125	0.0028604426599
0.59375	0.8125	0.00279089930691
0.625	0.8125	0.00269447806794
0.65625	0.8125	0.00257210753222
0.6875	0.8125	0.00242496619491
0.71875	0.8125	0.00225447110752
0.75	0.8125	0.00206226423094
0.78125	0.8125	0.00185019662248
0.8125	0.8125	0.00162031060911
0.84375	0.8125	0.00137482011883
0.875	0.8125	0.00111608935926
0.90625	0.8125	0.000846610049034
0.9375	0.8125	0.000568977421233
0.96875	0.8125	0.000285865229833
1	0.8125	7.81437549197e-16

0	0.84375	0
0.03125	0.84375	0.000263828393343
0.0625	0.84375	0.000525115975036
0.09375	0.84375	0.000781346402831
0.125	0.84375	0.00103005203764
0.15625	0.84375	0.00126883770824
0.1875	0.84375	0.0014954037781
0.21875	0.84375	0.0017075682921
0.25	0.84375	0.00190328798999
0.28125	0.84375	0.0020806779841
0.3125	0.84375	0.00223802991181
0.34375	0.84375	0.00237382838804
0.375	0.84375	0.00248676559922
0.40625	0.84375	0.00257575389827
0.4375	0.84375	0.00263993627924
0.46875	0.84375	0.0026786946307
0.5	0.84375	0.00269165568855
0.53125	0.84375	0.0026786946307
0.5625	0.84375	0.00263993627924
0.59375	0.84375	0.00257575389827
0.625	0.84375	0.00248676559922
0.65625	0.84375	0.00237382838804
0.6875	0.84375	0.00223802991181
0.71875	0.84375	0.0020806779841
0.75	0.84375	0.00190328798999
0.78125	0.84375	0.0017075682921
0.8125	0.84375	0.0014954037781
0.84375	0.84375	0.00126883770824
0.875	0.84375	0.00103005203764
0.90625	0.84375	0.00078134640283
0.9375	0.84375	0.000525115975033
0.96875	0.84375	0.000263828393342
1	0.84375	8.62985073857e-16

0	0.875	0
0.03125	0.875	0.000233638303703
0.0625	0.875	0.000465026542821
0.09375	0.875	0.000691936322123
0.125	0.875	0.000912182376391
0.15625	0.875	0.00112364361573
0.1875	0.875	0.00132428355279
0.21875	0.875	0.00151216991532
0.25	0.875	0.00168549325493
0.28125	0.875	0.00184258437311
0.3125	0.875	0.00198193039651
0.34375	0.875	0.00210218934677
0.375	0.875	0.00220220306444
0.40625	0.875	0.00228100836275
0.4375	0.875	0.00233784630361
0.46875	0.875	0.00237216950656
0.5	0.875	0.00238364742041
0.53125	0.875	0.00237216950656
0.5625	0.875	0.00233784630361
0.59375	0.875	0.00228100836275
0.625	0.875	0.00220220306444
0.65625	0.875	0.00210218934677
0.6875	0.875	0.00198193039651
0.71875	0.875	0.00184258437311
0.75	0.875	0.00168549325493
0.78125	0.875	0.00151216991532
0.8125	0.875	0.00132428355279
0.84375	0.875	0.00112364361572
0.875	0.875	0.00091218237639
0.90625	0.875	0.000691936322123
0.9375	0.875	0.000465026542819
0.96875	0.875	0.000233638303701
1	0.875	9.52856977924e-16

0	0.90625	0
0.03125	0.90625	0.000193890526025
0.0625	0.90625	0.000385913780294
0.09375	0.90625	0.000574220473896
0.125	0.90625	0.000756997110434
0.15625	0.90625	0.000932483450981
0.1875	0.90625	0.00109898946615
0.21875	0.90625	0.00125491161199
0.25	0.90625	0.001398748273
0.28125	0.90625	0.00152911422351
0.3125	0.90625	0.00164475396815
0.34375	0.90625	0.00174455383296
0.375	0.90625	0.00182755269069
0.40625	0.90625	0.00189295121696
0.4375	0.90625	0.00194011958822
0.46875	0.90625	0.00196860354728
0.5	0.90625	0.00197812877802
0.53125	0.90625	0.00196860354728
0.5625	0.90625	0.00194011958823
0.59375	0.90625	0.00189295121696
0.625	0.90625	0.00182755269069
0.65625	0.90625	0.00174455383296
0.6875	0.90625	0.00164475396815
0.71875	0.90625	0.00152911422351
0.75	0.90625	0.001398748273
0.78125	0.90625	0.00125491161199
0.8125	0.90625	0.00109898946615
0.84375	0.90625	0.00093248345098
0.875	0.90625	0.000756997110434
0.90625	0.90625	0.000574220473897
0.9375	0.90625	0.000385913780291
0.96875	0.90625	0.000193890526024
1	0.90625	1.05192016843e-15

0	0.9375	0
0.03125	0.9375	0.000142974681735
0.0625	0.9375	0.000284572439127
0.09375	0.9375	0.000423429608367
0.125	0.9375	0.000558208919008
0.15625	0.9375	0.000687612372611
0.1875	0.9375	0.00081039374318
0.21875	0.9375	0.000925370578995
0.25	0.9375	0.00103143559027
0.28125	0.9375	0.00112756731298
0.3125	0.9375	0.00121283994607
0.34375	0.9375	0.00128643226748
0.375	0.9375	0.00134763554291
0.40625	0.9375	0.00139586035137
0.4375	0.9375	0.00143064226159
0.46875	0.9375	0.00145164630477
0.5	0.9375	0.00145867020048
0.53125	0.9375	0.00145164630477
0.5625	0.9375	0.00143064226159
0.59375	0.9375	0.00139586035137
0.625	0.9375	0.00134763554291
0.65625	0.9375	0.00128643226747
0.6875	0.9375	0.00121283994607
0.71875	0.9375	0.00112756731298
0.75	0.9375	0.00103143559027
0.78125	0.9375	0.000925370578995
0.8125	0.9375	0.000810393743181
0.84375	0.9375	0.00068761237261
0.875	0.9375	0.000558208919008
0.90625	0.9375	0.000423429608368
0.9375	0.9375	0.000284572439124
0.96875	0.9375	0.000142974681733
1	0.9375	1.16113021182e-15

0	0.96875	0
0.03125	0.96875	7.90470984102e-05
0.0625	0.96875	0.000157332930051
0.09375	0.96875	0.000234103559569
0.125	0.96875	0.000308619643834
0.15625	0.96875	0.00038016355222
0.1875	0.96875	0.00044804627778
0.21875	0.96875	0.000511614072758
0.25	0.96875	0.000570254744539
0.28125	0.96875	0.000623403551396
0.3125	0.96875	0.000670548641265
0.34375	0.96875	0.000711235981163
0.375	0.96875	0.000745073729759
0.40625	0.96875	0.000771736011037
0.4375	0.96875	0.000790966052657
0.46875	0.96875	0.000802578658803
0.5	0.96875	0.000806461993733
0.53125	0.96875	0.000802578658805
0.5625	0.96875	0.000790966052657
0.59375	0.96875	0.000771736011037
0.625	0.96875	0.000745073729759
0.65625	0.96875	0.000711235981161
0.6875	0.96875	0.000670548641265
0.71875	0.96875	0.000623403551396
0.75	0.96875	0.000570254744539
0.78125	0.96875	0.000511614072758
0.8125	0.96875	0.00044804627778
0.84375	0.96875	0.000380163552219
0.875	0.96875	0.000308619643834
0.90625	0.96875	0.000234103559569
0.9375	0.96875	0.000157332930049
0.96875	0.96875	7.90470984091e-05
1	0.96875	1.28154055138e-15

0	1	0
0.03125	1	0
0.0625	1	0
0.09375	1	0
0.125	1	0
0.15625	1	0
0.1875	1	0
0.21875	1	0
0.25	1	0
0.28125	1	0
0.3125	1	0
0.34375	1	0
0.375	1	0
0.40625	1	0
0.4375	1	0
0.46875	1	0
0.5	1	0
0.53125	1	0
0.5625	1	0
0.59375	1	0
0.625	1	0
0.65625	1	0
0.6875	1	0
0.71875	1	0
0.75	1	0
0.78125	1	0
0.8125	1	0
0.84375	1	0
0.875	1	0
0.90625	1	0
0.9375	1	0
0.96875	1	0
1	1	0

